date,open,high,low,close,volume,marketcap,average
20180110,0.081392,0.091822,0.062177,0.084800,61795,1498710,0.08
20180109,0.034014,0.087779,0.032432,0.085201,62136,625752,0.06
20180108,0.041180,0.047355,0.030685,0.034107,4894,756910,0.04
20180107,0.047376,0.052722,0.032035,0.041238,7339,870011,0.04
20180106,0.045119,0.061590,0.040942,0.047410,7203,827823,0.05
20180105,0.056457,0.069404,0.044937,0.045123,8043,1034930,0.06
20180104,0.049846,0.083931,0.042062,0.056445,28200,912910,0.06
20180103,0.042605,0.049992,0.032963,0.049574,8729,779597,0.04
20180102,0.042336,0.050327,0.038990,0.042757,21701,773983,0.04
20180101,0.023288,0.050112,0.021202,0.047888,52744,425365,0.04
20171231,0.018569,0.027110,0.018385,0.023199,4314,338863,0.02
20171230,0.018808,0.022016,0.015826,0.018786,2733,342911,0.02
20171229,0.014985,0.020080,0.014844,0.018453,2554,272973,0.02
20171228,0.013707,0.023897,0.013389,0.014834,1685,249462,0.02
20171227,0.015326,0.021123,0.012979,0.013736,558,278678,0.02
20171226,0.010609,0.024502,0.010609,0.015315,3139,192738,0.02
20171225,0.011360,0.016374,0.010586,0.010620,1154,206177,0.01
20171224,0.013388,0.015363,0.009621,0.011248,1443,242768,0.01
20171223,0.010441,0.014255,0.010371,0.013260,575,189165,0.01
20171222,0.011778,0.012899,0.008517,0.010363,181,213182,0.01
20171221,0.011166,0.016258,0.011166,0.011740,1316,201935,0.01
20171220,0.011205,0.012439,0.009382,0.011165,236,202453,0.01
20171219,0.015296,0.015351,0.011003,0.011216,176,276117,0.01
20171218,0.015267,0.015422,0.014563,0.015283,241,275344,0.01
20171217,0.019370,0.019370,0.012775,0.015222,523,349011,0.02
20171216,0.011632,0.019519,0.011475,0.019363,1088,209400,0.02
20171215,0.011139,0.011930,0.011135,0.011616,372,200333,0.01
20171214,0.010737,0.011546,0.010603,0.011120,145,192941,0.01
20171213,0.012159,0.014660,0.010112,0.010772,1526,218283,0.01
20171212,0.011117,0.012141,0.010044,0.012141,283,199392,0.01
20171211,0.009548,0.014986,0.008870,0.011081,558,171094,0.01
20171210,0.014532,0.014532,0.007641,0.009618,210,260167,0.01
20171209,0.008644,0.014905,0.007626,0.014473,3218,154611,0.01
20171208,0.007555,0.011254,0.006567,0.008650,121,135005,0.01
20171207,0.009563,0.010841,0.005521,0.007537,2124,170740,0.01
20171206,0.006463,0.014505,0.006463,0.009579,1774,115285,0.01
20171205,0.006526,0.007563,0.006376,0.006477,99,116304,0.01
20171204,0.006413,0.006872,0.006132,0.006513,1412,114190,0.01
20171203,0.006203,0.006754,0.006041,0.006392,67,110347,0.01
20171202,0.006052,0.006531,0.005966,0.006197,44,107557,0.01
20171201,0.005506,0.006943,0.005238,0.006057,159,97757,0.01
20171130,0.005199,0.006358,0.004870,0.005533,60,92225,0.01
20171129,0.006580,0.007166,0.005102,0.005127,905,116611,0.01
20171128,0.005576,0.007385,0.005549,0.005727,169,98728,0.01
20171127,0.005513,0.005909,0.004822,0.005561,187,97527,0.01
20171126,0.004903,0.005774,0.004897,0.005512,830,86658,0.01
20171125,0.004355,0.005406,0.004330,0.004905,399,76897,0.00
20171124,0.004252,0.004464,0.004078,0.004364,25,75010,0.00
20171123,0.004401,0.004465,0.003974,0.004258,54,77565,0.00
20171122,0.004300,0.004598,0.004180,0.004430,98,75725,0.00
20171121,0.004536,0.004536,0.003980,0.004290,41,79790,0.00
20171120,0.005121,0.005131,0.004397,0.004535,103,90005,0.00
20171119,0.004536,0.005183,0.004021,0.005123,110,79643,0.00
20171118,0.004332,0.006035,0.003963,0.004544,222,75999,0.00
20171117,0.004382,0.004485,0.003798,0.004349,141,76807,0.00
20171116,0.004635,0.005404,0.004092,0.004389,69,81162,0.00
20171115,0.004502,0.005338,0.004445,0.004611,61,78765,0.00
20171114,0.003677,0.004637,0.003662,0.004499,75,64263,0.00
20171113,0.003677,0.005037,0.003626,0.003669,49,64212,0.00
20171112,0.003251,0.004950,0.002821,0.003672,576,56713,0.00
20171111,0.003179,0.003446,0.003017,0.003253,23,55406,0.00
20171110,0.003457,0.003626,0.003077,0.003190,33,60196,0.00
20171109,0.003015,0.004266,0.002991,0.003447,400,52441,0.00
20171108,0.004084,0.004593,0.002981,0.003018,24,70978,0.00
20171107,0.003047,0.010031,0.003011,0.004097,738,52907,0.01
20171106,0.003332,0.003459,0.002975,0.003052,276,57790,0.00
20171105,0.005220,0.006812,0.003288,0.003324,428,90463,0.01
20171104,0.003239,0.005343,0.002607,0.005230,285,56069,0.00
20171103,0.003059,0.003284,0.002847,0.003247,197,52903,0.00
20171102,0.003896,0.003904,0.002917,0.003063,129,67318,0.00
20171101,0.002641,0.004020,0.002602,0.003892,642,45592,0.00
20171031,0.002927,0.003209,0.001262,0.002638,50,50487,0.00
20171030,0.003106,0.003509,0.002912,0.002939,126,53521,0.00
20171029,0.002788,0.003434,0.002777,0.003124,61,47989,0.00
20171028,0.003052,0.003092,0.002686,0.002792,86,52494,0.00
20171027,0.003110,0.003167,0.002593,0.003044,103,53439,0.00
20171026,0.003620,0.003727,0.002402,0.003112,80,62137,0.00
20171025,0.003421,0.003627,0.003336,0.003620,164,58671,0.00
20171024,0.003515,0.003678,0.002878,0.003419,110,60212,0.00
20171023,0.003644,0.004195,0.003300,0.003523,394,62375,0.00
20171022,0.004173,0.004509,0.003270,0.003650,806,71365,0.00
20171021,0.004394,0.004456,0.003795,0.004172,50,75063,0.00
20171020,0.004571,0.004739,0.004299,0.004403,94,78018,0.00
20171019,0.004124,0.005486,0.004091,0.004570,842,70310,0.00
20171018,0.004810,0.004810,0.003828,0.004122,130,81946,0.00
20171017,0.005369,0.005967,0.004757,0.004810,605,91374,0.01
20171016,0.005013,0.005926,0.004998,0.005918,47,85235,0.01
20171015,0.005292,0.005691,0.004816,0.005013,99,89886,0.01
20171014,0.005703,0.005860,0.005147,0.005282,732,96782,0.01
20171013,0.007743,0.008361,0.005578,0.005702,3367,131260,0.01
20171012,0.008472,0.008758,0.007286,0.007719,1035,143476,0.01
20171011,0.007864,0.008468,0.007065,0.008464,624,133049,0.01
20171010,0.007780,0.008615,0.007537,0.007865,1222,131504,0.01
20171009,0.007129,0.007917,0.007015,0.007780,433,120379,0.01
20171008,0.008248,0.008338,0.006477,0.007127,1328,139152,0.01
20171007,0.007477,0.008782,0.007465,0.008270,631,126018,0.01
20171006,0.007134,0.008023,0.007040,0.007475,383,120120,0.01
20171005,0.006540,0.007197,0.006362,0.007134,92,110009,0.01
20171004,0.006609,0.007407,0.006420,0.006534,298,111064,0.01
20171003,0.006247,0.006601,0.006181,0.006594,154,104879,0.01
20171002,0.006532,0.006586,0.006095,0.006247,40,109547,0.01
20171001,0.006561,0.006634,0.006407,0.006537,33,109926,0.01
20170930,0.006138,0.007600,0.005997,0.006557,43,102739,0.01
20170929,0.005634,0.006600,0.005565,0.006137,367,94209,0.01
20170928,0.006475,0.007019,0.005587,0.005638,154,108162,0.01
20170927,0.005511,0.007547,0.005511,0.006474,449,91969,0.01
20170926,0.005132,0.005757,0.005111,0.005526,80,85570,0.01
20170925,0.004659,0.007901,0.004659,0.005133,75,77596,0.01
20170924,0.004470,0.005490,0.004294,0.004663,21,74389,0.00
20170923,0.004082,0.004829,0.004043,0.004471,92,67861,0.00
20170922,0.004343,0.005217,0.004067,0.004094,209,72126,0.00
20170921,0.005160,0.005211,0.004273,0.004348,27,85605,0.00
20170920,0.005484,0.006015,0.004870,0.005185,1294,90893,0.01
20170919,0.005056,0.006178,0.004865,0.005491,96,83720,0.01
20170918,0.004441,0.005454,0.004441,0.005044,89,73462,0.00
20170917,0.004466,0.004664,0.004167,0.004450,75,73804,0.00
20170916,0.005042,0.005251,0.004270,0.004469,143,83244,0.00
20170915,0.004023,0.005198,0.003489,0.005063,1040,66358,0.00
20170914,0.004835,0.004950,0.003992,0.003992,964,79666,0.00
20170913,0.005053,0.005734,0.004581,0.004835,21,83172,0.01
20170912,0.005010,0.005887,0.004996,0.005072,666,82386,0.01
20170911,0.005250,0.005399,0.004867,0.005005,52,86252,0.01
20170910,0.005549,0.005637,0.005060,0.005259,23,91079,0.01
20170909,0.005326,0.006145,0.005164,0.005564,167,87321,0.01
20170908,0.006173,0.007216,0.005102,0.005315,46,101112,0.01
20170907,0.006000,0.006590,0.005512,0.006163,5,98189,0.01
20170906,0.006851,0.007338,0.005722,0.006012,203,111996,0.01
20170905,0.006673,0.007895,0.005411,0.006843,31,108974,0.01
20170904,0.006108,0.007030,0.005460,0.006638,228,99649,0.01
20170903,0.006762,0.006947,0.005694,0.006106,187,110209,0.01
20170902,0.007190,0.007505,0.006543,0.006759,66,117065,0.01
20170901,0.007212,0.009471,0.007098,0.007181,53,117301,0.01
20170831,0.006802,0.008500,0.006202,0.007210,433,110523,0.01
20170830,0.007083,0.007525,0.006583,0.006814,339,114978,0.01
20170829,0.007582,0.007945,0.007090,0.007093,147,122954,0.01
20170828,0.006645,0.008380,0.006364,0.007569,350,107649,0.01
20170827,0.010534,0.010685,0.006538,0.006652,365,170470,0.01
20170826,0.011449,0.011469,0.010339,0.010493,273,185090,0.01
20170825,0.009217,0.011841,0.006003,0.011445,290,148864,0.01
20170824,0.009336,0.011719,0.008933,0.009232,415,150627,0.01
20170823,0.009340,0.010787,0.009158,0.009332,56,150542,0.01
20170822,0.010920,0.010920,0.008690,0.009322,191,175819,0.01
20170821,0.010491,0.012094,0.010272,0.010903,540,168748,0.01
20170820,0.011306,0.011306,0.010497,0.010641,630,181674,0.01
20170819,0.011061,0.011819,0.010947,0.011363,198,177555,0.01
20170818,0.013902,0.013952,0.010636,0.011057,223,222921,0.01
20170817,0.013104,0.014507,0.009532,0.013945,575,209911,0.01
20170816,0.009558,0.013118,0.008287,0.013116,1111,152948,0.01
20170815,0.013872,0.014196,0.009411,0.009547,513,221749,0.01
20170814,0.012600,0.014589,0.012600,0.013834,2625,201210,0.01
20170813,0.014486,0.015560,0.012126,0.012587,456,231093,0.01
20170812,0.007059,0.017542,0.006964,0.013629,8367,112497,0.01
20170811,0.007192,0.008422,0.006617,0.007065,1189,114498,0.01
20170810,0.007085,0.007595,0.007032,0.007193,190,112672,0.01
20170809,0.007412,0.009076,0.006593,0.007084,631,117755,0.01
20170808,0.006669,0.007501,0.006541,0.007416,191,105843,0.01
20170807,0.006366,0.007076,0.006330,0.006662,98,100930,0.01
20170806,0.005864,0.007273,0.005864,0.006381,92,92873,0.01
20170805,0.004122,0.009096,0.003822,0.005854,349,65213,0.01
20170804,0.005705,0.006430,0.003968,0.004118,509,90168,0.01
20170803,0.005174,0.005953,0.005174,0.005706,264,81690,0.01
20170802,0.005570,0.005818,0.004669,0.005167,140,87857,0.01
20170801,0.008061,0.008257,0.005490,0.005571,138,127011,0.01
20170731,0.006549,0.008057,0.005680,0.008057,762,103079,0.01
20170730,0.007023,0.007057,0.006363,0.006536,145,110418,0.01
20170729,0.007064,0.007957,0.006858,0.007024,170,110958,0.01
20170728,0.009781,0.010362,0.007002,0.007091,1648,153461,0.01
20170727,0.009282,0.010960,0.009246,0.009742,1615,145484,0.01
20170726,0.009358,0.009526,0.008900,0.009258,481,146527,0.01
20170725,0.010057,0.010135,0.008891,0.009334,436,157309,0.01
20170724,0.010060,0.010195,0.009863,0.010058,409,157185,0.01
20170723,0.010163,0.010731,0.009535,0.010072,422,158640,0.01
20170722,0.009645,0.010795,0.009599,0.010167,673,150383,0.01
20170721,0.010312,0.010520,0.009584,0.009644,542,160617,0.01
20170720,0.008081,0.010558,0.007677,0.010236,2860,125754,0.01
20170719,0.007914,0.009319,0.007264,0.007639,659,123029,0.01
20170718,0.006364,0.011207,0.006281,0.007512,3668,98826,0.01
20170717,0.004915,0.007606,0.004914,0.007076,738,76254,0.01
20170716,0.005842,0.006164,0.004475,0.004902,847,90525,0.01
20170715,0.006537,0.006549,0.005568,0.005858,536,101198,0.01
20170714,0.006236,0.006969,0.005161,0.006546,1626,96438,0.01
20170713,0.006171,0.007296,0.004494,0.006241,1263,95329,0.01
20170712,0.006818,0.007291,0.006035,0.006167,1625,105205,0.01
20170711,0.008671,0.008959,0.006899,0.006927,885,133666,0.01
20170710,0.008288,0.011631,0.007069,0.008692,3451,127626,0.01
20170709,0.007145,0.009316,0.006640,0.008272,5727,109925,0.01
20170708,0.005087,0.009412,0.004325,0.007139,3859,78185,0.01
20170707,0.004506,0.006444,0.004114,0.005083,742,69184,0.01
20170706,0.003176,0.005239,0.003176,0.004503,111,48703,0.00
20170705,0.003218,0.004720,0.002815,0.003174,718,49302,0.00
20170704,0.003959,0.004153,0.003202,0.003222,469,60591,0.00
20170703,0.002428,0.003930,0.002412,0.003805,1397,37121,0.00
20170702,0.002355,0.002827,0.002324,0.002413,55,35963,0.00
20170701,0.002418,0.003607,0.002311,0.002355,60,36881,0.00
20170630,0.002338,0.003637,0.002295,0.002419,216,35624,0.00
20170629,0.002316,0.002871,0.002169,0.002333,152,35257,0.00
20170628,0.002177,0.002553,0.001724,0.002318,112,33102,0.00
20170627,0.002493,0.002547,0.001575,0.002163,423,37868,0.00
20170626,0.002358,0.002493,0.002343,0.002493,48,35778,0.00
20170625,0.002403,0.002585,0.002292,0.002359,21,36431,0.00
20170624,0.002479,0.002686,0.002246,0.002409,37,37536,0.00
20170623,0.002325,0.002802,0.002275,0.002480,297,35160,0.00
20170622,0.002183,0.002733,0.002181,0.002325,77,32975,0.00
20170621,0.002143,0.002235,0.002143,0.002183,145,32342,0.00
20170620,0.002405,0.002603,0.002127,0.002143,380,36251,0.00
20170619,0.002891,0.002902,0.002380,0.002405,48,43534,0.00
20170618,0.002398,0.002910,0.002049,0.002891,137,36079,0.00
20170617,0.002460,0.002460,0.002373,0.002398,43,36960,0.00
20170616,0.002637,0.002762,0.002371,0.002442,44,39590,0.00
20170615,0.002469,0.004118,0.002128,0.002749,616,37020,0.00
20170614,0.002681,0.003463,0.002325,0.002469,96,40158,0.00
20170613,0.002979,0.003469,0.002470,0.002656,424,44585,0.00
20170612,0.003433,0.003827,0.002843,0.002990,64,51315,0.00
20170611,0.003245,0.004283,0.003220,0.003437,176,48457,0.00
20170610,0.003215,0.003888,0.003186,0.003249,166,47959,0.00
20170609,0.002721,0.003572,0.002600,0.003210,237,40545,0.00
20170608,0.002422,0.003846,0.002292,0.002726,436,36042,0.00
20170607,0.002555,0.002764,0.002319,0.002410,35,37983,0.00
20170606,0.002401,0.003845,0.002401,0.002554,142,35649,0.00
20170605,0.002603,0.003531,0.002042,0.002393,202,38618,0.00
20170604,0.003186,0.003186,0.002302,0.002302,45,47204,0.00
20170603,0.003097,0.004274,0.002770,0.002770,184,45847,0.00
20170602,0.003066,0.004577,0.002736,0.003083,692,45337,0.00
20170601,0.004725,0.005287,0.002655,0.003069,1231,69784,0.00
20170531,0.002135,0.003258,0.002015,0.003258,352,31501,0.00
20170530,0.001651,0.002474,0.001623,0.002127,154,24335,0.00
20170529,0.001690,0.003207,0.001579,0.001650,571,24871,0.00
20170528,0.001364,0.001711,0.001364,0.001693,25,20059,0.00
20170527,0.001816,0.001892,0.001314,0.001356,128,26669,0.00
20170526,0.001680,0.002645,0.001644,0.001810,323,24652,0.00
20170525,0.001917,0.002041,0.001648,0.001693,14,28093,0.00
20170524,0.001659,0.002081,0.001659,0.001920,25,24283,0.00
20170523,0.002671,0.002710,0.001373,0.001657,121,39067,0.00
20170522,0.001833,0.002713,0.001764,0.002675,40,26782,0.00
20170521,0.002050,0.002278,0.001793,0.001828,52,29917,0.00
20170520,0.002012,0.002366,0.001655,0.001866,97,29337,0.00
20170519,0.001605,0.002426,0.001598,0.002030,35,23393,0.00
20170518,0.001606,0.002341,0.001583,0.001604,31,23395,0.00
20170517,0.001833,0.002561,0.001477,0.001557,820,26673,0.00
20170516,0.001691,0.002679,0.001399,0.002619,634,24583,0.00
20170515,0.001789,0.002048,0.001496,0.001575,326,25987,0.00
20170514,0.001691,0.002145,0.001529,0.001788,390,24533,0.00
20170513,0.001720,0.002137,0.001486,0.001668,361,24934,0.00
20170512,0.002100,0.002157,0.001674,0.001883,303,30404,0.00
20170511,0.001919,0.002270,0.001788,0.002115,471,27752,0.00
20170510,0.002189,0.002354,0.001846,0.002001,377,31631,0.00
20170509,0.002069,0.002762,0.001910,0.002051,313,29852,0.00
20170508,0.001943,0.002845,0.001811,0.002335,574,28014,0.00
20170507,0.002883,0.002971,0.001807,0.001943,179,41514,0.00
20170506,0.002607,0.003550,0.002474,0.002728,496,37497,0.00
20170505,0.002827,0.003769,0.002447,0.002607,405,40615,0.00
20170504,0.002456,0.005262,0.002294,0.002828,818,35245,0.00
20170503,0.002148,0.003186,0.001582,0.002345,495,30780,0.00
20170502,0.003068,0.003237,0.001677,0.002146,984,43914,0.00
20170501,0.002209,0.003153,0.001704,0.002710,1453,31580,0.00
20170430,0.002096,0.002560,0.002053,0.002560,227,29940,0.00
20170429,0.002280,0.005168,0.001827,0.002096,377,32527,0.00
20170428,0.001653,0.005207,0.001596,0.001955,449,23553,0.00
20170427,0.001807,0.002188,0.001488,0.001653,447,25720,0.00
20170426,0.001633,0.002150,0.001348,0.001806,153,23211,0.00
20170425,0.001647,0.001975,0.001533,0.001796,209,23384,0.00
20170424,0.001824,0.001993,0.001506,0.001694,224,25877,0.00
20170423,0.001897,0.002015,0.001452,0.001848,144,26871,0.00
20170422,0.002043,0.002144,0.001854,0.001897,349,28912,0.00
20170421,0.001937,0.002131,0.001797,0.001997,350,27374,0.00
20170420,0.001968,0.002325,0.001695,0.001937,166,27788,0.00
20170419,0.001756,0.002361,0.001605,0.001968,273,24762,0.00
20170418,0.002201,0.002225,0.001509,0.001755,246,30998,0.00
20170417,0.001798,0.002298,0.001771,0.002201,568,25299,0.00
20170416,0.001628,0.001895,0.001419,0.001798,194,22883,0.00
20170415,0.001769,0.001841,0.001549,0.001617,163,24825,0.00
20170414,0.001697,0.001939,0.001585,0.001586,184,23791,0.00
20170413,0.001681,0.001935,0.001644,0.001695,181,23545,0.00
20170412,0.001887,0.001964,0.001613,0.001682,255,26387,0.00
20170411,0.001999,0.002069,0.001624,0.001887,530,27924,0.00
20170410,0.001956,0.002018,0.001594,0.001998,472,27300,0.00
20170409,0.002077,0.002226,0.001820,0.001969,279,28942,0.00
20170408,0.002051,0.002645,0.001781,0.001997,199,28551,0.00
20170407,0.002160,0.002653,0.001810,0.002058,185,30034,0.00
20170406,0.002140,0.003324,0.001591,0.002167,307,29720,0.00
20170405,0.002427,0.003431,0.001584,0.002139,289,33673,0.00
20170404,0.001961,0.005882,0.001594,0.002488,848,27173,0.00
20170403,0.001672,0.002026,0.001571,0.001938,276,23132,0.00
20170402,0.001673,0.001783,0.001417,0.001783,267,23129,0.00
20170401,0.001367,0.001929,0.001281,0.001547,320,18873,0.00
20170331,0.001323,0.001454,0.001118,0.001353,325,18246,0.00
20170330,0.001469,0.001538,0.001130,0.001323,144,20228,0.00
20170329,0.001110,0.001515,0.000982,0.001194,140,15269,0.00
20170328,0.001240,0.001669,0.000960,0.001111,258,17044,0.00
20170327,0.000848,0.001929,0.000711,0.001242,285,11638,0.00
20170326,0.000797,0.000862,0.000695,0.000823,92,10924,0.00
20170325,0.000738,0.000821,0.000625,0.000814,90,10106,0.00
20170324,0.000834,0.000887,0.000661,0.000739,88,11408,0.00
20170323,0.000800,0.000852,0.000685,0.000695,54,10924,0.00
20170322,0.000842,0.000881,0.000693,0.000764,79,11490,0.00
20170321,0.000939,0.001084,0.000718,0.000842,102,12802,0.00
20170320,0.000949,0.001075,0.000802,0.000938,138,12919,0.00
20170319,0.001086,0.001375,0.000879,0.000948,167,14774,0.00
20170318,0.001030,0.001499,0.000745,0.001083,267,13987,0.00
20170317,0.000846,0.001292,0.000810,0.001030,127,11485,0.00
20170316,0.001034,0.001149,0.000852,0.000852,118,14016,0.00
20170315,0.001356,0.001494,0.000949,0.001029,453,18352,0.00
20170314,0.001743,0.001849,0.001265,0.001427,212,23567,0.00
20170313,0.001573,0.002267,0.001296,0.001746,2438,21239,0.00
20170312,0.000959,0.001574,0.000944,0.001572,1917,12928,0.00
20170311,0.000995,0.001220,0.000911,0.001217,876,13397,0.00
20170310,0.001072,0.001283,0.000903,0.000986,552,14420,0.00
20170309,0.001077,0.001252,0.000802,0.001071,593,14478,0.00
20170308,0.002254,0.002329,0.000916,0.001077,1141,30250,0.00
20170307,0.002351,0.002406,0.002205,0.002255,161,31512,0.00
20170306,0.002333,0.002435,0.002270,0.002341,246,31230,0.00
20170305,0.002243,0.002414,0.002191,0.002332,206,29986,0.00
20170304,0.002332,0.002402,0.002218,0.002244,182,31140,0.00
20170303,0.002383,0.002479,0.002228,0.002327,120,31780,0.00
20170302,0.003824,0.004311,0.002340,0.002383,258,50941,0.00
20170301,0.015144,0.016976,0.002387,0.003817,151,201500,0.01
20170228,0.002801,0.018160,0.002642,0.015012,270,37226,0.01
20170227,0.002694,0.004624,0.002578,0.002807,752,35758,0.00
20170226,0.002349,0.004710,0.001577,0.002697,16959,31144,0.00
20170225,0.002385,0.003100,0.001990,0.002348,240,31575,0.00
20170224,0.002528,0.003503,0.002119,0.002392,225,33434,0.00
20170223,0.002544,0.003457,0.002233,0.003373,409,33600,0.00
20170222,0.002455,0.003228,0.002106,0.002544,1281,32384,0.00
20170221,0.003208,0.007343,0.001908,0.002442,1382,42260,0.00
20170220,0.002259,0.005348,0.001784,0.003347,180,29721,0.00
20170219,0.001873,0.003011,0.001760,0.002239,775,24610,0.00
20170218,0.002112,0.002543,0.001772,0.002001,526,27720,0.00
20170217,0.002112,0.002948,0.001798,0.002273,191,27691,0.00
20170216,0.002218,0.002271,0.001462,0.002115,360,29035,0.00
20170215,0.001643,0.002301,0.001283,0.002217,767,21490,0.00
20170214,0.001676,0.001906,0.001265,0.001641,317,21891,0.00
20170213,0.002323,0.002464,0.001673,0.001674,2288,30299,0.00
20170212,0.001654,0.002812,0.001436,0.002323,4960,21552,0.00
20170211,0.001233,0.001819,0.001225,0.001656,3226,16043,0.00
20170210,0.001236,0.001361,0.001130,0.001233,94,16063,0.00
20170209,0.001996,0.002029,0.001147,0.001234,175,25909,0.00
20170208,0.001455,0.002008,0.001421,0.001993,6081,18865,0.00
20170207,0.001537,0.001542,0.001445,0.001454,25,19905,0.00
20170206,0.001492,0.001648,0.001433,0.001535,38,19298,0.00
20170205,0.001529,0.001765,0.001435,0.001491,36,19748,0.00
20170204,0.001754,0.002091,0.001237,0.001528,406,22620,0.00
20170203,0.001325,0.002027,0.000877,0.001751,940,17070,0.00
20170202,0.001206,0.001811,0.001182,0.001326,834,15512,0.00
20170201,0.001179,0.001360,0.001005,0.001206,103,15144,0.00
20170131,0.001233,0.001234,0.000931,0.001179,112,15822,0.00
20170130,0.000975,0.001235,0.000838,0.001234,86,12492,0.00
20170129,0.000885,0.001088,0.000885,0.000975,83,11324,0.00
20170128,0.000791,0.000958,0.000773,0.000885,118,10110,0.00
20170127,0.000743,0.000875,0.000732,0.000874,33,9490,0.00
20170126,0.000653,0.000898,0.000653,0.000743,5986,8325,0.00
20170125,0.000653,0.000782,0.000651,0.000653,9,8312,0.00
20170124,0.000805,0.000824,0.000652,0.000652,43,10242,0.00
20170123,0.000924,0.000925,0.000777,0.000806,63,11732,0.00
20170122,0.001326,0.001363,0.000840,0.000923,876,16814,0.00
20170121,0.001313,0.001351,0.001034,0.001326,565,16635,0.00
20170120,0.001318,0.001340,0.001293,0.001315,2171,16673,0.00
20170119,0.001320,0.001356,0.001114,0.001318,488,16675,0.00
20170118,0.000648,0.001552,0.000637,0.001314,471,8179,0.00
20170117,0.000599,0.000654,0.000598,0.000648,8,7545,0.00
20170116,0.000623,0.000778,0.000590,0.000599,94,7840,0.00
20170115,0.000602,0.000713,0.000554,0.000623,4,7570,0.00
20170114,0.000699,0.000709,0.000599,0.000603,18,8772,0.00
20170113,0.000752,0.000891,0.000638,0.000698,1041,9428,0.00
20170112,0.000598,0.000888,0.000486,0.000713,1087,2706,0.00
20170111,0.000706,0.000883,0.000581,0.000599,21,3195,0.00
20170110,0.000895,0.001007,0.000706,0.000706,22,4049,0.00
20170109,0.001707,0.002129,0.000895,0.000895,680,7722,0.00
20170108,0.001706,0.001823,0.001039,0.001704,696,7720,0.00
20170107,0.001028,0.001708,0.000584,0.001706,151,4653,0.00
20170106,0.000638,0.001027,0.000638,0.001027,40,2889,0.00
20170105,0.000739,0.001075,0.000619,0.000637,124,3344,0.00
20170104,0.000905,0.001534,0.000619,0.000738,29,4094,0.00
20170103,0.000746,0.000905,0.000636,0.000905,10,3374,0.00
20170102,0.000599,0.000747,0.000598,0.000746,8,2710,0.00
20170101,0.000549,0.000733,0.000546,0.000599,28,2486,0.00
20161231,0.001058,0.001379,0.000548,0.000549,71,4785,0.00
20161230,0.000554,0.001058,0.000550,0.001057,3,2507,0.00
20161229,0.000817,0.001017,0.000552,0.000554,103,3696,0.00
20161228,0.001133,0.001157,0.000709,0.000817,902,5128,0.00
20161227,0.001162,0.001203,0.001123,0.001133,89,5256,0.00
20161226,0.001342,0.001415,0.001157,0.001161,18,6074,0.00
20161225,0.001393,0.001394,0.001251,0.001343,2,6303,0.00
20161224,0.001208,0.001466,0.001198,0.001393,35,5465,0.00
20161223,0.001400,0.001465,0.001191,0.001207,18,6336,0.00
20161222,0.001341,0.001416,0.001340,0.001401,3,6066,0.00
20161221,0.002592,0.002602,0.001236,0.001337,22,11728,0.00
20161220,0.001975,0.003079,0.001972,0.002593,1061,8936,0.00
20161219,0.001273,0.003148,0.001076,0.001975,2117,5759,0.00
20161218,0.001319,0.001326,0.001271,0.001272,0,5969,0.00
20161217,0.001282,0.001383,0.001227,0.001319,3,5801,0.00
20161216,0.001965,0.002070,0.001249,0.001282,3,8890,0.00
20161215,0.001258,0.001984,0.001208,0.001965,152,5693,0.00
20161214,0.001373,0.001374,0.001252,0.001258,19,6212,0.00
20161213,0.001342,0.001386,0.001301,0.001375,45,6071,0.00
20161212,0.001432,0.001450,0.001290,0.001346,69,6478,0.00
20161211,0.001372,0.001550,0.001335,0.001431,33,6208,0.00
20161210,0.001321,0.001651,0.001263,0.001372,268,5978,0.00
20161209,0.001187,0.001460,0.001171,0.001321,5018,5371,0.00
20161208,0.001344,0.001344,0.001091,0.001187,52,6082,0.00
20161207,0.001146,0.001350,0.001140,0.001344,38,5187,0.00
20161206,0.002052,0.002062,0.001143,0.001146,15,9286,0.00
20161205,0.001323,0.002061,0.001173,0.002052,169,5987,0.00
20161204,0.001442,0.001444,0.001267,0.001323,47,6525,0.00
20161203,0.001634,0.001634,0.001265,0.001442,182,7392,0.00
20161202,0.001697,0.001746,0.001624,0.001633,73,7678,0.00
20161201,0.001752,0.001766,0.001693,0.001695,6,7929,0.00
20161130,0.001659,0.001823,0.001630,0.001752,27,7507,0.00
20161129,0.001699,0.001757,0.001667,0.001667,4,7689,0.00
20161128,0.001742,0.001799,0.001610,0.001699,16,7883,0.00
20161127,0.001712,0.001908,0.001636,0.001742,17,7747,0.00
20161126,0.001556,0.001897,0.001380,0.001713,104,7042,0.00
20161125,0.001318,0.002182,0.001227,0.001556,162,5962,0.00
20161124,0.001415,0.001440,0.001246,0.001318,11,6401,0.00
20161123,0.001337,0.001415,0.001306,0.001415,4,6051,0.00
20161122,0.001331,0.001410,0.001263,0.001337,20,6021,0.00
20161121,0.001360,0.001822,0.001281,0.001294,145,6152,0.00
20161120,0.001451,0.002015,0.001293,0.001360,183,6563,0.00
20161119,0.001518,0.001519,0.001376,0.001450,16,6869,0.00
20161118,0.001608,0.001608,0.001373,0.001519,48,7275,0.00
20161117,0.001757,0.001949,0.001162,0.001609,273,7949,0.00
20161116,0.002169,0.002403,0.001149,0.001757,196,9814,0.00
20161115,0.002383,0.002409,0.001852,0.002170,29,10782,0.00
20161114,0.002120,0.002386,0.001821,0.002382,147,9593,0.00
20161113,0.001727,0.002706,0.001644,0.002120,421,7812,0.00
20161112,0.002214,0.002216,0.001417,0.001727,197,10019,0.00
20161111,0.002397,0.002401,0.001811,0.002214,543,10847,0.00
20161110,0.001150,0.003236,0.001087,0.002397,4172,5203,0.00
20161109,0.001114,0.001443,0.001105,0.001150,344,5040,0.00
20161108,0.001090,0.001405,0.001084,0.001114,62,4931,0.00
20161107,0.001174,0.001312,0.001054,0.001089,31,5312,0.00
20161106,0.001196,0.001331,0.001086,0.001139,31,5411,0.00
20161105,0.000979,0.001242,0.000619,0.001196,253,4428,0.00
20161104,0.000979,0.001018,0.000947,0.000979,16,4429,0.00
20161103,0.001044,0.001127,0.000951,0.000978,22,4725,0.00
20161102,0.001087,0.001096,0.001007,0.001042,17,4920,0.00
20161101,0.001117,0.001260,0.001043,0.001087,16,5054,0.00
20161031,0.000989,0.001134,0.000975,0.001117,6,4476,0.00
20161030,0.001079,0.001085,0.000985,0.000989,31,4883,0.00
20161029,0.001137,0.001164,0.000956,0.001080,11,5144,0.00
20161028,0.001057,0.001176,0.001053,0.001137,35,4784,0.00
20161027,0.001066,0.001119,0.000968,0.001057,116,4824,0.00
20161026,0.001078,0.001461,0.001053,0.001066,37,4879,0.00
20161025,0.001242,0.001292,0.001040,0.001078,80,5620,0.00
20161024,0.001268,0.001316,0.001074,0.001242,214,5737,0.00
20161023,0.001183,0.001316,0.001176,0.001268,96,5352,0.00
20161022,0.000880,0.001275,0.000867,0.001182,237,3980,0.00
20161021,0.000833,0.000951,0.000827,0.000880,1472,3768,0.00
20161020,0.000826,0.000938,0.000826,0.000833,23,3737,0.00
20161019,0.000833,0.000952,0.000823,0.000826,29,3768,0.00
20161018,0.000866,0.000961,0.000793,0.000833,91,3917,0.00
20161017,0.000866,0.000945,0.000813,0.000866,245,3920,0.00
20161016,0.001031,0.001035,0.000860,0.000866,146,4663,0.00
20161015,0.000935,0.001065,0.000935,0.001030,196,4230,0.00
20161014,0.000909,0.001030,0.000892,0.000935,57,4115,0.00
20161013,0.000992,0.001060,0.000842,0.000909,110,4490,0.00
20161012,0.000943,0.001465,0.000792,0.000993,201,4269,0.00
20161011,0.000761,0.001123,0.000711,0.000944,371,3442,0.00
20161010,0.000758,0.000797,0.000758,0.000760,20,3431,0.00
20161009,0.000755,0.000863,0.000749,0.000758,123,3417,0.00
20161008,0.000784,0.000866,0.000754,0.000755,121,3548,0.00
20161007,0.000848,0.000853,0.000777,0.000784,138,3836,0.00
20161006,0.000864,0.000947,0.000832,0.000848,124,3908,0.00
20161005,0.000843,0.000944,0.000839,0.000864,124,3814,0.00
20161004,0.000907,0.000960,0.000833,0.000843,127,4106,0.00
20161003,0.001481,0.001486,0.000906,0.000907,162,6701,0.00
20161002,0.001160,0.001755,0.000945,0.001481,525,5248,0.00
20161001,0.001927,0.001932,0.001011,0.001160,158,8719,0.00
20160930,0.001709,0.001927,0.000972,0.001927,253,7732,0.00
20160929,0.001466,0.001710,0.000898,0.001709,154,6634,0.00
20160928,0.001485,0.001767,0.001028,0.001466,449,6719,0.00
20160927,0.001435,0.001817,0.001393,0.001485,47,6493,0.00
20160926,0.001507,0.001606,0.001123,0.001435,311,6819,0.00
20160925,0.001748,0.002224,0.001506,0.001507,514,7907,0.00
20160924,0.000565,0.002408,0.000366,0.001747,1939,2557,0.00
20160923,0.000312,0.000619,0.000272,0.000565,479,1410,0.00
20160922,0.000811,0.000813,0.000312,0.000312,497,3669,0.00
20160921,0.000969,0.000969,0.000379,0.000811,283,4385,0.00
20160920,0.000857,0.000970,0.000827,0.000970,57,3877,0.00
20160919,0.000865,0.000888,0.000761,0.000857,190,3915,0.00
20160918,0.000826,0.000892,0.000688,0.000865,117,3735,0.00
20160917,0.001269,0.001270,0.000677,0.000826,298,5740,0.00
20160916,0.002116,0.002118,0.001094,0.001269,968,9572,0.00
20160915,0.001845,0.002120,0.001840,0.002116,601,8349,0.00
20160914,0.002090,0.002182,0.001845,0.001846,123,9459,0.00
20160913,0.002062,0.002117,0.001991,0.002090,447,9330,0.00
20160912,0.001699,0.002132,0.001699,0.002061,515,7686,0.00
20160911,0.002160,0.002160,0.001694,0.001698,122,9772,0.00
20160910,0.002135,0.002204,0.002081,0.002160,701,9659,0.00
20160909,0.001785,0.002177,0.001668,0.002135,527,8076,0.00
20160908,0.002110,0.002111,0.001648,0.001785,138,9549,0.00
20160907,0.001660,0.002110,0.001554,0.002110,581,7513,0.00
20160906,0.001936,0.001936,0.001616,0.001660,142,8762,0.00
20160905,0.002062,0.002068,0.001657,0.001936,146,9331,0.00
20160904,0.001657,0.002150,0.001657,0.002060,483,7497,0.00
20160903,0.001892,0.002035,0.001635,0.001650,120,8560,0.00
20160902,0.001969,0.001970,0.001553,0.001893,678,8909,0.00
20160901,0.001612,0.001969,0.001612,0.001969,37,7292,0.00
20160831,0.001855,0.001896,0.001609,0.001611,114,8395,0.00
20160830,0.001602,0.001950,0.001413,0.001855,259,7247,0.00
20160829,0.001889,0.001895,0.001474,0.001602,119,8547,0.00
20160828,0.001983,0.002175,0.001685,0.001889,224,8973,0.00
20160827,0.001849,0.002086,0.001726,0.001984,249,8366,0.00
20160826,0.001808,0.001983,0.001536,0.001849,322,8182,0.00
20160825,0.002062,0.002077,0.001733,0.001809,164,9327,0.00
20160824,0.002083,0.002223,0.001919,0.002061,137,9424,0.00
20160823,0.001994,0.002084,0.001970,0.002083,148,9020,0.00
20160822,0.001715,0.002345,0.001711,0.001994,273,7759,0.00
20160821,0.001819,0.001832,0.001705,0.001715,53,8230,0.00
20160820,0.002141,0.002155,0.001808,0.001819,188,9687,0.00
20160819,0.001803,0.002131,0.001731,0.002102,950,8159,0.00
20160818,0.002179,0.002204,0.001722,0.001803,116,9858,0.00
20160817,0.001680,0.002212,0.001603,0.002179,794,7603,0.00
20160816,0.001573,0.001758,0.001573,0.001680,165,7119,0.00
20160815,0.001670,0.001720,0.001451,0.001573,69,7556,0.00
20160814,0.001692,0.001759,0.001646,0.001670,729,7656,0.00
20160813,0.001814,0.001814,0.001692,0.001692,195,8210,0.00
20160812,0.001622,0.001828,0.001476,0.001815,264,7338,0.00
20160811,0.001880,0.001919,0.001622,0.001622,141,8505,0.00
20160810,0.001677,0.002091,0.001653,0.001879,124,7586,0.00
20160809,0.002288,0.002311,0.001677,0.001677,800,10351,0.00
20160808,0.001617,0.002288,0.001604,0.002287,773,7316,0.00
20160807,0.002258,0.002273,0.001604,0.001617,101,10216,0.00
20160806,0.002258,0.002310,0.002198,0.002258,758,10215,0.00
20160805,0.002365,0.002365,0.001649,0.002258,940,10699,0.00
20160804,0.002116,0.002371,0.001531,0.002365,1172,9575,0.00
20160803,0.002139,0.002204,0.001614,0.002116,1013,9679,0.00
20160802,0.002476,0.002513,0.001816,0.002126,83,11203,0.00
20160801,0.002398,0.002651,0.001903,0.002475,437,10848,0.00
20160731,0.002482,0.002549,0.001912,0.002399,1260,11232,0.00
20160730,0.002161,0.002693,0.002044,0.002483,229,9780,0.00
20160729,0.002122,0.002624,0.001925,0.002161,151,9603,0.00
20160728,0.001531,0.002125,0.001531,0.002123,131,6928,0.00
20160727,0.001922,0.002629,0.001531,0.001531,276,8697,0.00
20160726,0.002542,0.002680,0.001923,0.001923,183,11503,0.00
20160725,0.002103,0.002879,0.002099,0.002542,162,9515,0.00
20160724,0.002386,0.002849,0.002055,0.002103,174,10797,0.00
20160723,0.002296,0.002388,0.002219,0.002386,133,10389,0.00
20160722,0.002254,0.002716,0.001974,0.002296,123,10197,0.00
20160721,0.001671,0.002442,0.001657,0.002254,373,7559,0.00
20160720,0.001728,0.001757,0.001665,0.001671,144,7819,0.00
20160719,0.001757,0.002013,0.001709,0.001728,151,7948,0.00
20160718,0.001957,0.002037,0.001745,0.001757,191,8854,0.00
20160717,0.001967,0.001992,0.001787,0.001955,148,8901,0.00
20160716,0.001627,0.001982,0.001602,0.001972,134,7361,0.00
20160715,0.001751,0.001783,0.001588,0.001628,114,7921,0.00
20160714,0.001643,0.001756,0.001633,0.001750,292,7433,0.00
20160713,0.001802,0.002102,0.001646,0.001646,226,8152,0.00
20160712,0.001728,0.001831,0.001673,0.001802,138,7817,0.00
20160711,0.001845,0.001935,0.001724,0.001728,199,8346,0.00
20160710,0.002578,0.002578,0.001814,0.001846,248,11663,0.00
20160709,0.002015,0.002660,0.001820,0.002630,86,9117,0.00
20160708,0.001582,0.002032,0.001534,0.002016,177,7159,0.00
20160707,0.001590,0.001604,0.001494,0.001580,130,7194,0.00
20160706,0.001422,0.001764,0.001421,0.001589,156,6433,0.00
20160705,0.001443,0.001563,0.001410,0.001422,272,6527,0.00
20160704,0.001508,0.001511,0.001373,0.001442,3,6825,0.00
20160703,0.001520,0.001595,0.001344,0.001505,149,6877,0.00
20160702,0.001353,0.001734,0.001353,0.001519,85,6120,0.00
20160701,0.001373,0.001763,0.001308,0.001352,234,6210,0.00
20160630,0.001385,0.001398,0.001233,0.001374,139,6266,0.00
20160629,0.001417,0.001800,0.001280,0.001384,257,6411,0.00
20160628,0.001317,0.001534,0.001269,0.001417,139,5959,0.00
20160627,0.001296,0.001398,0.001250,0.001305,150,5866,0.00
20160626,0.001324,0.001325,0.001255,0.001298,127,5989,0.00
20160625,0.001231,0.001423,0.001203,0.001324,268,5569,0.00
20160624,0.001224,0.001542,0.001187,0.001234,1,5538,0.00
20160623,0.001328,0.001334,0.001115,0.001224,170,6007,0.00
20160622,0.001393,0.001418,0.001100,0.001310,177,6304,0.00
20160621,0.001543,0.001632,0.001392,0.001392,136,6980,0.00
20160620,0.001642,0.001643,0.001376,0.001543,236,7430,0.00
20160619,0.001281,0.001648,0.001281,0.001641,151,5795,0.00
20160618,0.001440,0.001440,0.001257,0.001281,22,6517,0.00
20160617,0.001375,0.001668,0.001375,0.001469,78,6222,0.00
20160616,0.001514,0.001666,0.001370,0.001375,380,6850,0.00
20160615,0.001484,0.001513,0.001456,0.001513,138,6716,0.00
20160614,0.001521,0.001522,0.001364,0.001485,182,6884,0.00
20160613,0.001434,0.001526,0.001379,0.001521,163,6489,0.00
20160612,0.001329,0.001554,0.001260,0.001433,137,6012,0.00
20160611,0.001305,0.001330,0.001245,0.001330,105,5902,0.00
20160610,0.001442,0.001765,0.001124,0.001305,131,6523,0.00
20160609,0.001172,0.001475,0.001134,0.001442,239,5304,0.00
20160608,0.001205,0.001293,0.001171,0.001173,146,5452,0.00
20160607,0.001224,0.001234,0.001186,0.001205,116,5537,0.00
20160606,0.001173,0.001224,0.001172,0.001224,119,5307,0.00
20160605,0.001180,0.001218,0.001173,0.001173,115,5339,0.00
20160604,0.001065,0.001188,0.001063,0.001181,98,4817,0.00
20160603,0.001178,0.001247,0.001061,0.001064,153,5330,0.00
20160602,0.001175,0.001183,0.001167,0.001178,108,5319,0.00
20160601,0.001169,0.001181,0.001078,0.001178,94,5289,0.00
20160531,0.001107,0.001172,0.001089,0.001169,141,5007,0.00
20160530,0.001231,0.001251,0.001108,0.001108,118,5571,0.00
20160529,0.001240,0.001296,0.001198,0.001230,106,5612,0.00
20160528,0.001137,0.001249,0.001053,0.001242,119,5146,0.00
20160527,0.001011,0.001155,0.001011,0.001138,92,4575,0.00
20160526,0.000986,0.001351,0.000982,0.001011,133,4462,0.00
20160525,0.001231,0.001258,0.000986,0.000986,119,5568,0.00
20160524,0.001411,0.001705,0.001188,0.001211,116,6383,0.00
20160523,0.001106,0.001837,0.001043,0.001476,93,5005,0.00
20160522,0.001069,0.001258,0.000992,0.001106,270,4837,0.00
20160521,0.001005,0.001099,0.001002,0.001069,95,4547,0.00
20160520,0.000960,0.001005,0.000958,0.001005,94,4346,0.00
20160519,0.001123,0.001123,0.000928,0.000962,87,5082,0.00
20160518,0.000947,0.001126,0.000941,0.001123,174,4284,0.00
20160517,0.001074,0.001099,0.000946,0.000947,29,4858,0.00
20160516,0.001166,0.001166,0.001028,0.001074,117,5275,0.00
20160515,0.001048,0.001169,0.001033,0.001166,133,4742,0.00
20160514,0.001116,0.001122,0.000993,0.001048,96,5052,0.00
20160513,0.001279,0.001290,0.001116,0.001117,287,5787,0.00
20160512,0.001469,0.001469,0.001208,0.001279,240,6645,0.00
20160511,0.001217,0.001674,0.001173,0.001468,123,5507,0.00
20160510,0.001233,0.001778,0.001214,0.001216,336,5577,0.00
20160509,0.001231,0.001278,0.001228,0.001233,5,5571,0.00
20160508,0.001202,0.002216,0.001196,0.001231,342,5437,0.00
20160507,0.001196,0.001519,0.001192,0.001201,97,5411,0.00
20160506,0.001235,0.001523,0.001153,0.001196,321,5588,0.00
20160505,0.001117,0.001244,0.001117,0.001235,88,5055,0.00
20160504,0.001264,0.001336,0.001101,0.001135,89,5720,0.00
20160503,0.001504,0.001877,0.001189,0.001264,796,6805,0.00
20160502,0.001376,0.001514,0.001073,0.001504,309,6226,0.00
20160501,0.001102,0.001377,0.001093,0.001375,191,4986,0.00
20160430,0.001304,0.001304,0.001078,0.001102,101,5899,0.00
20160429,0.001086,0.001304,0.001079,0.001304,107,4916,0.00
20160428,0.001063,0.001105,0.001044,0.001087,96,4810,0.00
20160427,0.001129,0.001140,0.001062,0.001062,104,5108,0.00
20160426,0.001159,0.001281,0.001101,0.001129,8,5246,0.00
20160425,0.001300,0.001302,0.001087,0.001162,132,5884,0.00
20160424,0.001256,0.001301,0.001087,0.001301,177,5681,0.00
20160423,0.001471,0.001479,0.001237,0.001255,111,6654,0.00
20160422,0.001472,0.001501,0.001120,0.001471,475,6662,0.00
20160421,0.001188,0.001502,0.001183,0.001472,381,5376,0.00
20160420,0.001184,0.001253,0.001163,0.001188,95,5355,0.00
20160419,0.001439,0.001452,0.001170,0.001184,25,6511,0.00
20160418,0.001379,0.001463,0.001150,0.001439,1012,6241,0.00
20160417,0.001338,0.001379,0.001224,0.001379,124,6055,0.00
20160416,0.001385,0.001485,0.001272,0.001338,1041,6267,0.00
20160415,0.001407,0.001455,0.001023,0.001385,599,6365,0.00
20160414,0.002012,0.002022,0.001369,0.001400,188,9103,0.00
20160413,0.001349,0.002032,0.001349,0.002016,1701,6104,0.00
20160412,0.001632,0.001781,0.001331,0.001350,559,7383,0.00
20160411,0.001918,0.002169,0.001622,0.001631,188,8677,0.00
20160410,0.001825,0.002394,0.001621,0.001918,618,8256,0.00
20160409,0.002214,0.002217,0.001534,0.001824,119,10019,0.00
20160408,0.001716,0.002229,0.001715,0.002214,393,7764,0.00
20160407,0.001689,0.001743,0.001688,0.001716,60,7643,0.00
20160406,0.001789,0.001888,0.001683,0.001689,214,8096,0.00
20160405,0.001749,0.001804,0.001720,0.001789,149,7913,0.00
20160404,0.001807,0.001809,0.001719,0.001749,103,8176,0.00
20160403,0.001866,0.001868,0.001796,0.001807,82,8444,0.00
20160402,0.002172,0.002211,0.001865,0.001866,61,9828,0.00
20160401,0.001546,0.002639,0.001479,0.002171,1597,6995,0.00
20160331,0.001545,0.001564,0.001452,0.001546,86,6992,0.00
20160330,0.001563,0.001564,0.001492,0.001546,92,7073,0.00
20160329,0.002060,0.002069,0.001518,0.001563,116,9318,0.00
20160328,0.001826,0.002061,0.001590,0.002059,228,8263,0.00
20160327,0.001999,0.002001,0.001578,0.001826,152,9046,0.00
20160326,0.002524,0.002534,0.001876,0.001999,189,11419,0.00
20160325,0.002573,0.002869,0.002126,0.002524,783,11642,0.00
20160324,0.007112,0.007124,0.002092,0.002573,3794,32180,0.00
20160323,0.003281,0.007152,0.003024,0.006967,30494,14845,0.01
20160322,0.002033,0.003784,0.001871,0.003280,6278,9199,0.00
20160321,0.003190,0.003190,0.001811,0.002033,2296,14433,0.00
20160320,0.000706,0.003290,0.000706,0.003192,4159,3194,0.00
20160319,0.000603,0.000764,0.000575,0.000706,33,2728,0.00
20160318,0.000513,0.000708,0.000503,0.000603,130,2319,0.00
20160317,0.000538,0.000571,0.000503,0.000513,156,2434,0.00
20160316,0.000504,0.000517,0.000503,0.000505,90,2282,0.00
20160315,0.000529,0.000538,0.000504,0.000504,99,2393,0.00
20160314,0.000505,0.000578,0.000505,0.000529,84,2285,0.00
20160313,0.000517,0.000571,0.000498,0.000505,132,2338,0.00
20160312,0.000515,0.000541,0.000497,0.000517,52,2332,0.00
20160311,0.000559,0.000566,0.000445,0.000515,414,2529,0.00
20160310,0.000597,0.000619,0.000544,0.000555,146,2701,0.00
20160309,0.000621,0.000712,0.000567,0.000597,149,2809,0.00
20160308,0.000633,0.000655,0.000616,0.000621,128,2864,0.00
20160307,0.000676,0.000676,0.000561,0.000633,79,3057,0.00
20160306,0.000675,0.000683,0.000644,0.000675,165,3052,0.00
20160305,0.000702,0.000717,0.000596,0.000675,53,3175,0.00
20160304,0.000829,0.000850,0.000702,0.000702,135,3750,0.00
20160303,0.000838,0.000857,0.000758,0.000829,115,3793,0.00
20160302,0.000730,0.000853,0.000727,0.000839,126,3304,0.00
20160301,0.000752,0.000763,0.000720,0.000720,40,3404,0.00
20160229,0.000744,0.000840,0.000732,0.000753,221,3367,0.00
20160228,0.000778,0.000783,0.000742,0.000744,18,3519,0.00
20160227,0.000817,0.000821,0.000733,0.000778,256,3697,0.00
20160226,0.000946,0.000961,0.000774,0.000815,187,4279,0.00
20160225,0.000964,0.001000,0.000912,0.000946,133,4362,0.00
20160224,0.000950,0.001057,0.000930,0.000985,117,4296,0.00
20160223,0.000985,0.001093,0.000942,0.000949,180,4455,0.00
20160222,0.000991,0.001031,0.000978,0.000983,111,4482,0.00
20160221,0.000978,0.001062,0.000967,0.000999,92,4425,0.00
20160220,0.000951,0.001103,0.000951,0.000974,173,4303,0.00
20160219,0.000955,0.000966,0.000942,0.000951,96,4319,0.00
20160218,0.000999,0.001005,0.000946,0.000954,126,4521,0.00
20160217,0.000973,0.001014,0.000965,0.000999,96,4404,0.00
20160216,0.000976,0.000982,0.000953,0.000973,98,4417,0.00
20160215,0.000977,0.001027,0.000923,0.000949,161,4422,0.00
20160214,0.000894,0.000977,0.000883,0.000977,143,4044,0.00
20160213,0.000834,0.001052,0.000834,0.000891,64,3773,0.00
20160212,0.000668,0.001037,0.000665,0.000834,65,3024,0.00
20160211,0.000866,0.000875,0.000593,0.000668,208,3919,0.00
20160210,0.000933,0.000933,0.000844,0.000866,103,4219,0.00
20160209,0.000938,0.001035,0.000927,0.000933,69,4242,0.00
20160208,0.001130,0.001140,0.000937,0.000938,172,5111,0.00
20160207,0.001225,0.001230,0.000957,0.001130,174,5543,0.00
20160206,0.001287,0.001379,0.001192,0.001225,147,5824,0.00
20160205,0.001052,0.001414,0.000972,0.001286,177,4761,0.00
20160204,0.001036,0.001155,0.000991,0.001052,53,4687,0.00
20160203,0.001036,0.001120,0.001023,0.001036,51,4687,0.00
20160202,0.001063,0.001121,0.001031,0.001036,67,4811,0.00
20160201,0.001066,0.001127,0.001039,0.001063,128,4824,0.00
20160131,0.001054,0.001155,0.001015,0.001066,302,4769,0.00
20160130,0.001337,0.001337,0.001051,0.001054,191,6049,0.00
20160129,0.001373,0.001430,0.001286,0.001338,41,6211,0.00
20160128,0.001500,0.001521,0.001371,0.001373,220,6785,0.00
20160127,0.001487,0.001569,0.001467,0.001500,67,6727,0.00
20160126,0.001459,0.001797,0.001419,0.001488,278,6603,0.00
20160125,0.001362,0.001481,0.001349,0.001460,69,6165,0.00
20160124,0.001713,0.001898,0.001363,0.001363,312,7749,0.00
20160123,0.001931,0.001989,0.001663,0.001714,627,8739,0.00
20160122,0.002063,0.002117,0.001895,0.001930,204,9334,0.00
20160121,0.002145,0.002158,0.002033,0.002056,63,9706,0.00
20160120,0.001969,0.002226,0.001951,0.002153,242,8910,0.00
20160119,0.002243,0.002243,0.001963,0.001972,53,10149,0.00
20160118,0.001973,0.002460,0.001887,0.002131,464,8929,0.00
20160117,0.001979,0.002142,0.001954,0.001976,45,8955,0.00
20160116,0.002491,0.002722,0.001865,0.001982,578,11273,0.00
20160115,0.002080,0.002663,0.001928,0.002500,572,9413,0.00
20160114,0.002915,0.002915,0.002066,0.002081,213,13188,0.00
20160113,0.003116,0.003458,0.002872,0.002915,140,14099,0.00
20160112,0.003631,0.004406,0.003143,0.003143,1367,16428,0.00
20160111,0.001728,0.004507,0.001680,0.003631,4936,7816,0.00
20160110,0.001902,0.001905,0.001723,0.001726,119,8607,0.00
20160109,0.002047,0.002359,0.001589,0.001929,218,9263,0.00
20160108,0.002381,0.002407,0.002034,0.002048,144,10773,0.00
20160107,0.002388,0.002547,0.002286,0.002384,183,10803,0.00
20160106,0.002240,0.002870,0.002211,0.002394,258,10137,0.00
20160105,0.001983,0.004475,0.001872,0.002240,2716,8974,0.00
20160104,0.001965,0.001989,0.001961,0.001984,119,8891,0.00
20160103,0.001981,0.001984,0.001941,0.001965,109,8962,0.00
20160102,0.001984,0.002070,0.001968,0.001980,296,8977,0.00
20160101,0.001976,0.002042,0.001958,0.001982,36,8942,0.00
20151231,0.002017,0.002086,0.001938,0.001976,37,9124,0.00
20151230,0.002381,0.002406,0.001831,0.002015,285,10772,0.00
20151229,0.002588,0.002889,0.001713,0.002377,1192,11708,0.00
20151228,0.002260,0.003627,0.002260,0.002588,120,10225,0.00
20151227,0.003725,0.004973,0.002257,0.002257,4563,16853,0.00
20151226,0.001479,0.005385,0.001360,0.003730,5731,6693,0.00
20151225,0.001551,0.001578,0.001295,0.001479,132,7020,0.00
20151224,0.001664,0.001709,0.001336,0.001552,274,7531,0.00
20151223,0.001671,0.001691,0.001663,0.001663,101,7559,0.00
20151222,0.001675,0.001712,0.001657,0.001673,176,7579,0.00
20151221,0.001709,0.001764,0.001649,0.001675,276,7731,0.00
20151220,0.001701,0.001759,0.001672,0.001708,169,7698,0.00
20151219,0.001673,0.001722,0.001672,0.001701,162,7572,0.00
20151218,0.001650,0.001775,0.001647,0.001674,247,7467,0.00
20151217,0.001590,0.001651,0.001559,0.001651,265,7194,0.00
20151216,0.001643,0.001682,0.001553,0.001590,193,7432,0.00
20151215,0.001561,0.001700,0.001434,0.001638,533,7065,0.00
20151214,0.001783,0.001828,0.001546,0.001562,132,8066,0.00
20151213,0.001644,0.001791,0.001458,0.001785,490,7437,0.00
20151212,0.001896,0.002002,0.001490,0.001656,853,8578,0.00
20151211,0.001722,0.001951,0.001491,0.001886,481,7790,0.00
20151210,0.002161,0.002167,0.001547,0.001722,1035,9777,0.00
20151209,0.002614,0.003573,0.001995,0.002159,617,11827,0.00
20151208,0.004348,0.004872,0.002598,0.002598,30053,19673,0.00
20151207,0.004226,0.005035,0.004002,0.004350,1106,19120,0.00
20151206,0.005938,0.006453,0.004103,0.004257,9620,26867,0.01
20151205,0.004064,0.007056,0.003637,0.005937,18992,18390,0.01
20151204,0.005561,0.005825,0.003641,0.004063,1989,25161,0.00
20151203,0.003054,0.006252,0.002965,0.005565,17344,13818,0.00
20151202,0.002847,0.007679,0.002538,0.003051,16991,12881,0.01
20151201,0.002649,0.002877,0.002413,0.002853,2550,11985,0.00
20151130,0.002031,0.002833,0.002030,0.002649,5681,9189,0.00
20151129,0.002269,0.002270,0.001742,0.002032,236,10268,0.00
20151128,0.002030,0.002669,0.001951,0.002266,2429,9185,0.00
20151127,0.002444,0.002719,0.001498,0.002032,6293,11059,0.00
20151126,0.002137,0.002619,0.002030,0.002461,8319,9670,0.00
20151125,0.002035,0.002146,0.002015,0.002138,401,9210,0.00
20151124,0.001877,0.002088,0.001855,0.002035,245,8492,0.00
20151123,0.002359,0.002359,0.001296,0.001877,497,10675,0.00
20151122,0.002400,0.002400,0.002314,0.002357,377,10857,0.00
20151121,0.002557,0.003208,0.002281,0.002398,1298,11569,0.00
20151120,0.002280,0.003539,0.001956,0.002558,7719,10315,0.00
20151119,0.002325,0.002331,0.000984,0.002279,9949,10521,0.00
20151118,0.002315,0.002342,0.002125,0.002324,15321,10477,0.00
20151117,0.000939,0.002352,0.000626,0.002315,20612,4250,0.00
20151116,0.001665,0.002087,0.000452,0.000939,11340,7533,0.00
20151115,0.000466,0.001743,0.000463,0.001665,10845,2109,0.00
20151114,0.000381,0.000507,0.000375,0.000466,1143,1722,0.00
20151113,0.000575,0.000580,0.000377,0.000381,71,2601,0.00
20151112,0.000336,0.000587,0.000336,0.000576,86,1520,0.00
20151111,0.000367,0.000444,0.000328,0.000401,64,1661,0.00
20151110,0.000460,0.000538,0.000365,0.000367,97,2082,0.00
20151109,0.000452,0.000655,0.000439,0.000461,91,2044,0.00
20151108,0.000734,0.000741,0.000446,0.000451,122,3322,0.00
20151107,0.000464,0.000753,0.000461,0.000735,45,2101,0.00
20151106,0.000479,0.000491,0.000439,0.000464,5,2168,0.00
20151105,0.000498,0.000546,0.000461,0.000481,81,2253,0.00
20151104,0.000545,0.000638,0.000464,0.000499,105,2464,0.00
20151103,0.000488,0.000564,0.000483,0.000542,80,2206,0.00
20151102,0.000618,0.000624,0.000455,0.000487,83,2798,0.00
20151101,0.000622,0.000628,0.000496,0.000619,149,2815,0.00
20151031,0.000659,0.000669,0.000612,0.000622,3,2983,0.00
20151030,0.000502,0.000827,0.000502,0.000659,74,2272,0.00
20151029,0.000695,0.000970,0.000499,0.000502,309,3142,0.00
20151028,0.000737,0.000756,0.000681,0.000695,62,3336,0.00
20151027,0.000705,0.000743,0.000627,0.000737,97,3188,0.00
20151026,0.000684,0.000705,0.000676,0.000705,59,3093,0.00
20151025,0.000684,0.000709,0.000679,0.000682,8,3097,0.00
20151024,0.000445,0.000700,0.000445,0.000685,398,2014,0.00
20151023,0.000469,0.000636,0.000424,0.000445,66,2120,0.00
20151022,0.000485,0.000618,0.000418,0.000468,97,2193,0.00
20151021,0.000781,0.000785,0.000365,0.000485,57,3536,0.00
20151020,0.000393,0.000785,0.000380,0.000781,315,1776,0.00
20151019,0.000351,0.000462,0.000351,0.000393,252,1586,0.00
20151018,0.000363,0.000460,0.000350,0.000351,213,1641,0.00
20151017,0.000358,0.000363,0.000342,0.000363,2,1618,0.00
20151016,0.000356,0.000378,0.000347,0.000357,62,1611,0.00
20151015,0.000365,0.000370,0.000348,0.000356,170,1653,0.00
20151014,0.000352,0.000409,0.000352,0.000366,232,1592,0.00
20151013,0.000331,0.000408,0.000329,0.000352,245,1498,0.00
20151012,0.000309,0.000480,0.000308,0.000331,311,1397,0.00
20151011,0.000304,0.000430,0.000303,0.000309,115,1374,0.00
20151010,0.000334,0.000350,0.000297,0.000304,53,1512,0.00
20151009,0.000300,0.000335,0.000300,0.000334,50,1359,0.00
20151008,0.000287,0.000421,0.000287,0.000301,51,1297,0.00
20151007,0.000308,0.000347,0.000286,0.000287,100,1392,0.00
20151006,0.000267,0.000345,0.000265,0.000308,88,1207,0.00
20151005,0.000331,0.000390,0.000266,0.000267,208,1498,0.00
20151004,0.000339,0.000539,0.000233,0.000331,183,1534,0.00
20151003,0.000292,0.000535,0.000292,0.000339,331,1321,0.00
20151002,0.000204,0.000322,0.000204,0.000292,247,924,0.00
20151001,0.000385,0.000385,0.000199,0.000204,89,1741,0.00
20150930,0.000369,0.000386,0.000308,0.000385,151,1671,0.00
20150929,0.000299,0.000370,0.000297,0.000369,86,1353,0.00
20150928,0.000300,0.000396,0.000292,0.000299,81,1359,0.00
20150927,0.000457,0.000657,0.000253,0.000300,340,2068,0.00
20150926,0.000487,0.000654,0.000234,0.000457,1762,2202,0.00
20150925,0.000997,0.001173,0.000486,0.000487,906,4510,0.00
20150924,0.000831,0.002270,0.000809,0.000997,1776,3761,0.00
20150923,0.000330,0.001359,0.000330,0.000831,324,1492,0.00
20150922,0.000411,0.000447,0.000329,0.000330,66,1860,0.00
20150921,0.000529,0.000529,0.000410,0.000411,132,2396,0.00
20150920,0.000456,0.000772,0.000289,0.000529,195,2063,0.00
20150919,0.000261,0.000695,0.000234,0.000456,265,1181,0.00
20150918,0.000179,0.000701,0.000163,0.000261,186,811,0.00
20150917,0.000156,0.000179,0.000156,0.000179,64,705,0.00
20150916,0.000161,0.000166,0.000155,0.000156,48,729,0.00
20150915,0.000161,0.000180,0.000155,0.000161,46,730,0.00
20150914,0.000161,0.000163,0.000153,0.000161,47,730,0.00
20150913,0.000158,0.000164,0.000154,0.000162,47,713,0.00
20150912,0.000168,0.000168,0.000157,0.000158,50,760,0.00
20150911,0.000160,0.000168,0.000160,0.000168,49,723,0.00
20150910,0.000157,0.000167,0.000156,0.000160,51,711,0.00
20150909,0.000173,0.000173,0.000157,0.000157,48,783,0.00
20150908,0.000161,0.000177,0.000159,0.000173,53,727,0.00
20150907,0.000161,0.000178,0.000160,0.000161,49,727,0.00
20150906,0.000157,0.000188,0.000157,0.000161,50,712,0.00
20150905,0.000154,0.000182,0.000154,0.000157,37,698,0.00
20150904,0.000160,0.000178,0.000151,0.000154,68,722,0.00
20150903,0.000172,0.000187,0.000160,0.000160,46,778,0.00
20150902,0.000153,0.000190,0.000152,0.000172,55,692,0.00
20150901,0.000161,0.000163,0.000151,0.000153,47,729,0.00
20150831,0.000144,0.000162,0.000142,0.000161,48,652,0.00
20150830,0.000149,0.000162,0.000141,0.000144,59,676,0.00
20150829,0.000146,0.000151,0.000146,0.000149,47,660,0.00
20150828,0.000137,0.000148,0.000135,0.000146,48,620,0.00
20150827,0.000138,0.000150,0.000136,0.000137,47,623,0.00
20150826,0.000137,0.000149,0.000134,0.000138,48,622,0.00
20150825,0.000128,0.000147,0.000122,0.000137,45,581,0.00
20150824,0.000141,0.000151,0.000128,0.000129,53,640,0.00
20150823,0.000161,0.000163,0.000141,0.000142,20,730,0.00
20150822,0.000147,0.000175,0.000143,0.000161,49,663,0.00
20150821,0.000151,0.000181,0.000146,0.000147,50,682,0.00
20150820,0.000143,0.000192,0.000143,0.000151,50,646,0.00
20150819,0.000139,0.000208,0.000139,0.000143,48,630,0.00
20150818,0.000279,0.000279,0.000141,0.000141,57,1261,0.00
20150817,0.000173,0.000280,0.000173,0.000279,79,784,0.00
20150816,0.000175,0.000187,0.000172,0.000173,55,793,0.00
20150815,0.000181,0.000197,0.000175,0.000175,57,817,0.00
20150814,0.000180,0.000196,0.000178,0.000181,56,812,0.00
20150813,0.000213,0.000213,0.000179,0.000180,59,964,0.00
20150812,0.000265,0.000265,0.000199,0.000213,56,1199,0.00
20150811,0.000193,0.000265,0.000188,0.000265,81,874,0.00
20150810,0.000201,0.000251,0.000193,0.000193,55,912,0.00
20150809,0.000211,0.000257,0.000186,0.000201,61,957,0.00
20150808,0.000224,0.000251,0.000211,0.000211,55,1012,0.00
20150807,0.000231,0.000261,0.000223,0.000224,61,1046,0.00
20150806,0.000245,0.000269,0.000231,0.000231,61,1110,0.00
20150805,0.000254,0.000275,0.000245,0.000245,68,1149,0.00
20150804,0.000250,0.000272,0.000250,0.000254,59,1132,0.00
20150803,0.000252,0.000279,0.000249,0.000251,59,1138,0.00
20150802,0.000251,0.000288,0.000247,0.000252,60,1134,0.00
20150801,0.000262,0.000289,0.000248,0.000251,72,1185,0.00
20150731,0.000282,0.000296,0.000260,0.000262,63,1276,0.00
20150730,0.000290,0.000302,0.000281,0.000282,63,1310,0.00
20150729,0.000300,0.000300,0.000289,0.000290,87,1359,0.00
20150728,0.000320,0.000323,0.000300,0.000300,62,1448,0.00
20150727,0.000351,0.000354,0.000314,0.000320,61,1589,0.00
20150726,0.000303,0.000351,0.000302,0.000351,61,1372,0.00
20150725,0.000389,0.000389,0.000297,0.000303,69,1761,0.00
20150724,0.000251,0.000390,0.000245,0.000389,106,1137,0.00
20150723,0.000249,0.000275,0.000248,0.000248,57,1129,0.00
20150722,0.000251,0.000276,0.000248,0.000250,59,1136,0.00
20150721,0.000254,0.000277,0.000251,0.000251,57,1149,0.00
20150720,0.000271,0.000273,0.000246,0.000253,60,1226,0.00
20150719,0.000250,0.000272,0.000245,0.000271,57,1131,0.00
20150718,0.000257,0.000282,0.000249,0.000250,58,1163,0.00
20150717,0.000256,0.000289,0.000248,0.000257,59,1158,0.00
20150716,0.000263,0.000370,0.000248,0.000256,62,1191,0.00
20150715,0.000271,0.000367,0.000263,0.000263,72,1225,0.00
20150714,0.000280,0.000368,0.000270,0.000270,67,1269,0.00
20150713,0.000311,0.000343,0.000269,0.000280,75,1406,0.00
20150712,0.000322,0.000361,0.000302,0.000311,110,1459,0.00
20150711,0.000319,0.000347,0.000318,0.000322,76,1444,0.00
20150710,0.000299,0.000330,0.000298,0.000319,71,1352,0.00
20150709,0.000325,0.000325,0.000298,0.000299,64,1470,0.00
20150708,0.000298,0.000325,0.000296,0.000325,67,1349,0.00
20150707,0.000301,0.000323,0.000297,0.000299,66,1363,0.00
20150706,0.000299,0.000362,0.000294,0.000301,67,1353,0.00
20150705,0.000279,0.000339,0.000274,0.000299,98,1263,0.00
20150704,0.000261,0.000302,0.000260,0.000279,71,1183,0.00
20150703,0.000284,0.000284,0.000256,0.000261,67,1283,0.00
20150702,0.000264,0.000329,0.000260,0.000284,64,1194,0.00
20150701,0.000276,0.000380,0.000260,0.000264,100,1250,0.00
20150630,0.000260,0.000330,0.000259,0.000276,55,1175,0.00
20150629,0.000413,0.000413,0.000244,0.000260,106,1870,0.00
20150628,0.000226,0.000413,0.000226,0.000413,153,1022,0.00
20150627,0.000268,0.000281,0.000221,0.000226,11,1212,0.00
20150626,0.000267,0.000279,0.000220,0.000268,59,1208,0.00
20150625,0.000248,0.000267,0.000215,0.000267,51,1121,0.00
20150624,0.000244,0.000269,0.000209,0.000248,82,1105,0.00
20150623,0.000321,0.000441,0.000163,0.000244,116,1453,0.00
20150622,0.000210,0.000445,0.000210,0.000321,145,949,0.00
20150621,0.000189,0.000256,0.000187,0.000210,77,854,0.00
20150620,0.000164,0.000200,0.000161,0.000189,44,742,0.00
20150619,0.000187,0.000210,0.000151,0.000164,59,845,0.00
20150618,0.000179,0.000224,0.000137,0.000187,183,812,0.00
20150617,0.000178,0.000185,0.000175,0.000179,60,806,0.00
20150616,0.000187,0.000191,0.000170,0.000178,62,847,0.00
20150615,0.000173,0.000188,0.000169,0.000187,57,782,0.00
20150614,0.000174,0.000189,0.000172,0.000173,139,789,0.00
20150613,0.000166,0.000189,0.000165,0.000170,17,749,0.00
20150612,0.000154,0.000185,0.000154,0.000166,18,696,0.00
20150611,0.000165,0.000184,0.000138,0.000154,24,745,0.00
20150610,0.000202,0.000202,0.000165,0.000165,15,912,0.00
20150609,0.000183,0.000202,0.000150,0.000202,19,827,0.00
20150608,0.000154,0.000199,0.000154,0.000183,20,696,0.00
20150607,0.000162,0.000172,0.000149,0.000154,26,735,0.00
20150606,0.000139,0.000169,0.000139,0.000162,22,631,0.00
20150605,0.000141,0.000185,0.000139,0.000139,29,639,0.00
20150604,0.000138,0.000174,0.000137,0.000141,36,623,0.00
20150603,0.000151,0.000170,0.000136,0.000138,75,684,0.00
20150602,0.000152,0.000152,0.000135,0.000151,28,686,0.00
20150601,0.000173,0.000192,0.000145,0.000152,27,781,0.00
20150531,0.000175,0.000218,0.000172,0.000172,24,792,0.00
20150530,0.000190,0.000210,0.000174,0.000175,24,858,0.00
20150529,0.000189,0.000223,0.000189,0.000190,3,856,0.00
20150528,0.000223,0.000223,0.000188,0.000189,3,1009,0.00
20150527,0.000296,0.000297,0.000121,0.000223,10,1341,0.00
20150526,0.000239,0.000299,0.000171,0.000297,18,1084,0.00
20150525,0.000241,0.000241,0.000170,0.000239,1,1090,0.00
20150524,0.000199,0.000259,0.000172,0.000241,2,901,0.00
20150523,0.000240,0.000253,0.000175,0.000199,3,1087,0.00
20150522,0.000254,0.000284,0.000168,0.000240,11,1150,0.00
20150521,0.000226,0.000276,0.000226,0.000254,14,1024,0.00
20150520,0.000225,0.000233,0.000198,0.000226,10,1020,0.00
20150519,0.000161,0.000227,0.000156,0.000225,32,729,0.00
20150518,0.000082,0.000166,0.000082,0.000161,94,371,0.00
20150517,0.000078,0.000084,0.000069,0.000082,5,352,0.00
20150516,0.000154,0.000154,0.000078,0.000078,6,699,0.00
20150515,0.000081,0.000159,0.000071,0.000154,766,364,0.00
20150514,0.000076,0.000081,0.000059,0.000081,0,342,0.00
20150513,0.000153,0.000153,0.000075,0.000076,2,692,0.00
20150512,0.000054,0.000167,0.000054,0.000153,13,246,0.00
20150511,0.000055,0.000056,0.000054,0.000054,0,250,0.00
20150510,0.000072,0.000073,0.000055,0.000055,1,324,0.00
20150509,0.000097,0.000106,0.000063,0.000072,5,440,0.00
20150508,0.000112,0.000113,0.000097,0.000097,5,505,0.00
20150507,0.000113,0.000114,0.000106,0.000112,2,513,0.00
20150506,0.000105,0.000114,0.000096,0.000113,1,476,0.00
20150505,0.000151,0.000152,0.000096,0.000105,10,683,0.00
20150504,0.000115,0.000151,0.000114,0.000151,8,518,0.00
20150503,0.000137,0.000142,0.000114,0.000115,1,619,0.00
20150502,0.000111,0.000147,0.000111,0.000137,2,504,0.00
20150501,0.000109,0.000132,0.000108,0.000111,382,492,0.00
20150430,0.000144,0.000150,0.000109,0.000109,14,654,0.00
20150429,0.000095,0.000145,0.000092,0.000145,229,429,0.00
20150428,0.000129,0.000129,0.000092,0.000095,4,586,0.00
20150427,0.000136,0.000136,0.000120,0.000129,1,617,0.00
20150426,0.000187,0.000187,0.000128,0.000136,5,841,0.00
20150425,0.000162,0.000190,0.000162,0.000187,330,727,0.00
20150424,0.000135,0.000162,0.000130,0.000162,85,604,0.00
20150423,0.000138,0.000138,0.000133,0.000135,1,616,0.00
20150422,0.000158,0.000158,0.000138,0.000138,0,703,0.00
20150421,0.000173,0.000198,0.000117,0.000157,551,767,0.00
20150420,0.000124,0.000183,0.000124,0.000173,3,550,0.00
20150419,0.000126,0.000132,0.000124,0.000124,2,553,0.00
20150418,0.000149,0.000150,0.000126,0.000126,1,655,0.00
20150417,0.000153,0.000153,0.000130,0.000149,1,669,0.00
20150416,0.000206,0.000271,0.000152,0.000153,1,896,0.00
20150415,0.000264,0.000267,0.000126,0.000206,619,1146,0.00
20150414,0.000138,0.000265,0.000125,0.000264,1,595,0.00
20150413,0.000300,0.000300,0.000137,0.000138,1,1290,0.00
20150412,0.000203,0.000306,0.000158,0.000300,8,872,0.00
20150411,0.000161,0.000210,0.000160,0.000204,308,683,0.00
20150410,0.000323,0.000323,0.000155,0.000160,36,1376,0.00
20150409,0.000196,0.000324,0.000166,0.000323,9,831,0.00
20150408,0.000218,0.000218,0.000147,0.000196,4,919,0.00
20150407,0.000278,0.000282,0.000152,0.000218,45,1169,0.00
20150406,0.000352,0.000357,0.000207,0.000278,2,1474,0.00
20150405,0.000236,0.000352,0.000236,0.000352,32,985,0.00
20150404,0.000298,0.000299,0.000235,0.000236,0,1238,0.00
20150403,0.000353,0.000353,0.000230,0.000298,363,1462,0.00
20150402,0.000214,0.000364,0.000212,0.000353,4,881,0.00
20150401,0.000205,0.000218,0.000199,0.000214,1,844,0.00
20150331,0.000289,0.000310,0.000205,0.000205,1,1181,0.00
20150330,0.000197,0.000289,0.000196,0.000289,1,802,0.00
20150329,0.000385,0.000385,0.000195,0.000197,1,1563,0.00
20150328,0.000239,0.000397,0.000215,0.000385,4,969,0.00
20150327,0.000278,0.000279,0.000208,0.000239,0,1122,0.00
20150326,0.000354,0.000354,0.000141,0.000278,192,1421,0.00
20150325,0.000251,0.000359,0.000250,0.000354,181,1001,0.00
20150324,0.000267,0.000313,0.000250,0.000250,2,1065,0.00
20150323,0.000238,0.000298,0.000238,0.000267,3,943,0.00
20150322,0.000256,0.000258,0.000228,0.000238,3,1011,0.00
20150321,0.000387,0.000387,0.000256,0.000256,2,1523,0.00
20150320,0.000264,0.000404,0.000252,0.000387,367,1032,0.00
20150319,0.000395,0.000395,0.000259,0.000263,5,1542,0.00
20150318,0.000524,0.000541,0.000260,0.000396,28,2037,0.00
20150317,0.000296,0.000538,0.000294,0.000524,318,1144,0.00
20150316,0.000235,0.000547,0.000232,0.000296,163,905,0.00
20150315,0.000266,0.000266,0.000233,0.000234,1,1019,0.00
20150314,0.000271,0.000285,0.000265,0.000266,7,1036,0.00
20150313,0.000285,0.000488,0.000272,0.000272,659,1087,0.00
20150312,0.000302,0.000303,0.000285,0.000286,4,1149,0.00
20150311,0.000268,0.000303,0.000236,0.000302,3,1014,0.00
20150310,0.000264,0.000485,0.000264,0.000283,894,995,0.00
20150309,0.000239,0.000266,0.000236,0.000264,2,899,0.00
20150308,0.000250,0.000260,0.000237,0.000239,35,936,0.00
20150307,0.000264,0.000296,0.000247,0.000250,9,984,0.00
20150306,0.000200,0.000270,0.000195,0.000264,1,744,0.00
20150305,0.001086,0.001090,0.000189,0.000200,76,4014,0.00
20150304,0.000129,0.001127,0.000114,0.001088,143,476,0.00
20150303,0.000223,0.000225,0.000075,0.000109,3,817,0.00
20150302,0.000218,0.000224,0.000211,0.000223,1,796,0.00
20150301,0.000305,0.000305,0.000211,0.000219,1,1108,0.00
20150228,0.000279,0.000305,0.000274,0.000305,4,1008,0.00
20150227,0.000260,0.000282,0.000260,0.000280,3,935,0.00
20150226,0.000215,0.000261,0.000212,0.000260,362,768,0.00
20150225,0.000235,0.000236,0.000214,0.000215,3,837,0.00
20150224,0.000220,0.000271,0.000220,0.000235,3,780,0.00
20150223,0.000237,0.000239,0.000214,0.000220,1,838,0.00
20150222,0.000225,0.000237,0.000225,0.000237,3,791,0.00
20150221,0.000225,0.000246,0.000224,0.000225,48,787,0.00
20150220,0.000228,0.000237,0.000223,0.000225,78,795,0.00
20150219,0.000232,0.000239,0.000221,0.000228,325,803,0.00
20150218,0.000245,0.000270,0.000228,0.000232,28,845,0.00
20150217,0.000276,0.000292,0.000237,0.000245,94,949,0.00
20150216,0.000228,0.000279,0.000217,0.000276,5,778,0.00
20150215,0.000409,0.000533,0.000223,0.000228,37,1390,0.00
20150214,0.000217,0.000409,0.000217,0.000409,31,734,0.00
20150213,0.000389,0.000390,0.000216,0.000217,81,1313,0.00
20150212,0.000266,0.000424,0.000200,0.000389,3,894,0.00
20150211,0.000623,0.000633,0.000239,0.000266,148,2081,0.00
20150210,0.000189,0.000626,0.000186,0.000623,14,630,0.00
20150209,0.000230,0.000249,0.000189,0.000189,5,761,0.00
20150208,0.000189,0.000340,0.000188,0.000230,10,622,0.00
20150207,0.000152,0.000423,0.000152,0.000189,4,498,0.00
20150206,0.000174,0.000290,0.000152,0.000152,295,566,0.00
20150205,0.000235,0.000391,0.000090,0.000174,9,765,0.00
20150204,0.000241,0.000244,0.000233,0.000235,7,781,0.00
20150203,0.000252,0.000263,0.000240,0.000241,18,811,0.00
20150202,0.000238,0.000258,0.000234,0.000253,4,762,0.00
20150201,0.000226,0.000243,0.000223,0.000238,2,719,0.00
20150131,0.000240,0.000251,0.000225,0.000226,7,762,0.00
20150130,0.000293,0.000296,0.000236,0.000240,287,927,0.00
20150129,0.000360,0.000364,0.000231,0.000294,25,1134,0.00
20150128,0.000385,0.000393,0.000351,0.000361,2,1205,0.00
20150127,0.000410,0.000413,0.000368,0.000385,11,1276,0.00
20150126,0.000633,0.000679,0.000397,0.000410,7,1960,0.00
20150125,0.000374,0.000633,0.000369,0.000632,12,1151,0.00
20150124,0.000351,0.000405,0.000348,0.000374,3,1077,0.00
20150123,0.000374,0.000395,0.000349,0.000352,343,1139,0.00
20150122,0.000425,0.000443,0.000368,0.000373,1,1289,0.00
20150121,0.000389,0.000466,0.000358,0.000424,2,1175,0.00
20150120,0.000313,0.000417,0.000306,0.000389,9,939,0.00
20150119,0.000338,0.000347,0.000316,0.000316,0,1009,0.00
20150118,0.000308,0.000426,0.000303,0.000337,10,914,0.00
20150117,0.000318,0.000399,0.000300,0.000307,15,939,0.00
20150116,0.000316,0.000408,0.000306,0.000319,340,926,0.00
20150115,0.000295,0.000392,0.000295,0.000317,1,862,0.00
20150114,0.000412,0.000412,0.000285,0.000297,2,1195,0.00
20150113,0.000471,0.000658,0.000410,0.000416,2,1357,0.00
20150112,0.000511,0.000777,0.000471,0.000471,71,1465,0.00
20150111,0.000604,0.000726,0.000510,0.000510,72,1722,0.00
20150110,0.000682,0.000859,0.000604,0.000604,24,1932,0.00
20150109,0.000839,0.000840,0.000667,0.000676,59,2363,0.00
20150108,0.000558,0.000916,0.000556,0.000841,193,1563,0.00
20150107,0.000742,0.001421,0.000491,0.000558,172,2066,0.00
20150106,0.000508,0.000828,0.000508,0.000742,139,1407,0.00
20150105,0.000530,0.000557,0.000497,0.000508,5,1459,0.00
20150104,0.000652,0.000661,0.000489,0.000528,115,1785,0.00
20150103,0.000661,0.000690,0.000600,0.000652,4,1798,0.00
20150102,0.000707,0.000820,0.000660,0.000662,95,1910,0.00
20150101,0.000769,0.000946,0.000706,0.000707,27,2051,0.00
20141231,0.000743,0.000801,0.000691,0.000768,160,1982,0.00
20141230,0.000758,0.001005,0.000589,0.000743,99,2011,0.00
20141229,0.000680,0.001100,0.000639,0.000757,237,1793,0.00
20141228,0.001024,0.001198,0.000675,0.000679,64,2683,0.00
20141227,0.000844,0.001075,0.000842,0.001023,102,2197,0.00
20141226,0.001070,0.001071,0.000617,0.000845,60,2770,0.00
20141225,0.000715,0.001242,0.000705,0.001070,178,1840,0.00
20141224,0.000837,0.000987,0.000665,0.000716,18,2140,0.00
20141223,0.001071,0.001455,0.000622,0.000838,653,2720,0.00
20141222,0.001067,0.001256,0.001020,0.001071,171,2692,0.00
20141221,0.001142,0.001329,0.000957,0.001066,241,2861,0.00
20141220,0.001070,0.001159,0.000611,0.001143,345,2664,0.00
20141219,0.001021,0.001096,0.000690,0.001071,173,2525,0.00
20141218,0.001242,0.001339,0.001008,0.001022,181,3050,0.00
20141217,0.001134,0.001369,0.000569,0.001242,250,2767,0.00
20141216,0.000761,0.001134,0.000733,0.001134,190,1846,0.00
20141215,0.000732,0.001333,0.000724,0.000761,53,1765,0.00
20141214,0.000666,0.000999,0.000561,0.000733,16,1594,0.00
20141213,0.001150,0.001210,0.000667,0.000667,165,2735,0.00
20141212,0.001343,0.001587,0.001131,0.001150,25,3174,0.00
20141211,0.000789,0.001690,0.000776,0.001301,211,1852,0.00
20141210,0.000946,0.001242,0.000793,0.000794,76,2205,0.00
20141209,0.001638,0.001803,0.000895,0.000946,202,3791,0.00
20141208,0.001105,0.001919,0.000778,0.001638,449,2540,0.00
20141207,0.001562,0.001576,0.000842,0.001105,86,3565,0.00
20141206,0.002177,0.002177,0.000863,0.001561,397,4935,0.00
20141205,0.001755,0.002182,0.001117,0.002178,218,3950,0.00
20141204,0.001774,0.001831,0.001562,0.001757,250,3962,0.00
20141203,0.002387,0.002387,0.001207,0.001770,159,5297,0.00
20141202,0.002734,0.002921,0.001254,0.002385,337,6021,0.00
20141201,0.003100,0.003122,0.001868,0.002734,256,6776,0.00
20141130,0.002714,0.003112,0.001679,0.003098,370,5887,0.00
20141129,0.002780,0.002781,0.001559,0.002714,279,5991,0.00
20141128,0.002325,0.002834,0.001471,0.002783,1291,4972,0.00
20141127,0.000636,0.002322,0.000619,0.002322,528,1350,0.00
20141126,0.002005,0.002005,0.000627,0.000632,193,4224,0.00
20141125,0.000787,0.002033,0.000762,0.002002,11,1645,0.00
20141124,0.000796,0.000831,0.000786,0.000787,9,1652,0.00
20141123,0.000742,0.001348,0.000742,0.000816,11,1527,0.00
20141122,0.002346,0.002415,0.000741,0.000742,9,4792,0.00
20141121,0.000734,0.002420,0.000712,0.002341,388,1487,0.00
20141120,0.000700,0.001445,0.000695,0.000734,12,1407,0.00
20141119,0.001023,0.001375,0.000693,0.000700,97,2040,0.00
20141118,0.002249,0.002283,0.000934,0.001027,89,4447,0.00
20141117,0.002538,0.003205,0.001684,0.002247,138,4975,0.00
20141116,0.002802,0.003413,0.002050,0.002720,71,5447,0.00
20141115,0.001398,0.003529,0.001233,0.002813,355,2696,0.00
20141114,0.002332,0.003161,0.001263,0.001391,168,4460,0.00
20141113,0.004197,0.004732,0.002161,0.002345,630,7956,0.00
20141112,0.002135,0.004161,0.001626,0.004161,674,4013,0.00
20141111,0.001700,0.002581,0.000545,0.002134,370,3166,0.00
20141110,0.001959,0.001990,0.000524,0.001705,458,3619,0.00
20141109,0.001475,0.002040,0.000724,0.001964,113,2702,0.00
20141108,0.002186,0.002197,0.000769,0.001476,275,3968,0.00
20141107,0.001063,0.003229,0.000558,0.002187,120,,0.00
20141106,0.000676,0.001291,0.000674,0.001061,117,,0.00
20141105,0.002555,0.002639,0.000675,0.000676,8,,0.00
20141104,0.002410,0.002604,0.000706,0.002554,334,,0.00
20141103,0.001558,0.002625,0.000600,0.002413,570,,0.00
20141102,0.002124,0.004633,0.001559,0.001559,129,,0.00
20141101,0.000656,0.002391,0.000656,0.002121,262,,0.00
20141031,0.000690,0.001000,0.000551,0.000656,387,,0.00
20141030,0.000689,0.000851,0.000573,0.000690,63,,0.00
20141029,0.000496,0.001475,0.000496,0.000689,217,,0.00
20141028,0.000460,0.000810,0.000444,0.000497,235,,0.00
20141027,0.000492,0.001101,0.000459,0.000460,304,,0.00
20141026,0.001689,0.002011,0.000395,0.000492,16,,0.00
20141025,0.001168,0.003248,0.000411,0.001688,138,,0.00
20141024,0.001423,0.002017,0.000950,0.001167,631,,0.00
20141023,0.000418,0.001581,0.000418,0.001422,44,,0.00
20141022,0.000703,0.000707,0.000418,0.000418,4,,0.00
20141021,0.000696,0.000813,0.000696,0.000703,3,,0.00
20141020,0.000969,0.000992,0.000683,0.000697,16,,0.00
20141019,0.001244,0.001654,0.000896,0.000970,47,,0.00
20141018,0.001034,0.001250,0.000653,0.001245,22,,0.00
20141017,0.003066,0.003067,0.000650,0.001033,450,,0.00
20141016,0.003859,0.003901,0.000798,0.003064,173,,0.00
20141015,0.002075,0.003901,0.002019,0.003862,265,,0.00
20141014,0.000842,0.002740,0.000782,0.002074,210,,0.00
20141013,0.001145,0.001180,0.000888,0.000893,3,,0.00
20141012,0.001214,0.001333,0.001103,0.001147,56,,0.00
20141011,0.001270,0.001445,0.001061,0.001213,394,,0.00
20141010,0.000810,0.001294,0.000750,0.001271,38,,0.00
20141009,0.000902,0.001456,0.000789,0.000810,5,,0.00
20141008,0.000713,0.001175,0.000703,0.000903,34,,0.00
20141007,0.001098,0.001122,0.000661,0.000713,48,,0.00
20141006,0.000791,0.001429,0.000749,0.001097,117,,0.00
20141005,0.001205,0.001269,0.000726,0.000791,5,,0.00
20141004,0.001140,0.001222,0.000892,0.001205,144,,0.00
